    231 1000
    111 1004
    398 1005
    400 1006
    392 1007
    387 1008
    372 1009
    355 1010
    292 1011
    390 1012
    400 1013
    400 1014
    400 1015
    400 1016
    400 1017
     35 1103
    160 1104
    310 1105
    400 1106
    188 1107
    350 1108
    304 1109
    149 1110
    399 1111
    384 1112
    400 1113
    400 1114
    400 1115
    400 1116
    400 1117
    119 1203
     25 1204
    155 1205
    202 1206
     21 1207
     32 1208
     30 1209
     27 1210
    140 1211
    388 1212
    400 1213
    400 1214
    400 1215
    400 1216
    400 1217
    141 1300
    329 1301
    300 1302
    132 1303
      4 1304
      1 1305
     29 1311
    355 1312
    367 1313
    389 1314
    400 1315
    400 1316
    400 1317
    131 1400
    141 1401
     69 1402
    218 1403
     19 1404
      1 1411
     18 1412
    188 1413
    380 1414
    400 1415
    400 1416
    400 1417
    294 1500
    171 1501
     86 1502
      1 1503
     54 1513
    360 1514
    322 1515
    362 1516
    400 1517
    364 1600
    182 1601
     99 1602
    117 1603
    139 1604
     73 1605
     42 1606
     59 1607
     37 1615
     84 1616
    138 1617
    400 1700
    388 1701
    393 1702
    400 1703
    400 1704
    379 1705
    374 1706
    352 1707
    273 1708
    164 1709
    155 1710
    256 1711
    296 1712
    352 1713
    318 1714
    372 1715
    400 1716
    400 1717
    400 1800
    400 1801
    400 1802
    400 1803
    400 1804
    400 1805
    400 1806
    400 1807
    400 1808
    395 1809
    400 1810
    400 1811
    400 1812
    400 1813
    400 1814
    400 1815
    400 1816
    400 1817
    396 3000
     78 3001
     28 3003
    388 3004
    400 3005
    400 3006
    400 3007
    400 3008
    400 3009
    335 3010
    313 3011
    391 3012
    338 3013
    283 3014
    400 3015
    400 3016
    400 3017
    400 3100
    118 3101
     53 3103
    309 3104
    400 3105
    400 3106
    400 3107
    400 3108
    400 3109
    400 3110
    400 3111
    270 3112
    178 3113
    287 3114
    400 3115
    400 3116
    400 3117
    400 3200
    211 3201
    263 3203
    327 3204
    400 3205
    400 3206
    400 3207
    400 3208
    400 3209
    400 3210
    201 3211
     13 3214
    334 3215
    400 3216
    400 3217
    400 3300
    372 3301
    270 3302
    399 3303
    400 3304
    400 3305
    400 3306
    400 3307
    400 3308
    400 3309
    400 3310
    328 3311
    298 3312
    285 3313
     88 3314
    365 3315
    400 3316
    383 3317
    400 3400
    400 3401
    400 3402
    400 3403
    400 3404
    400 3405
    400 3406
    400 3407
    400 3408
    400 3409
    400 3410
    400 3411
    400 3412
    400 3413
    388 3414
    400 3415
    381 3416
    374 3417
    400 3500
    400 3501
    400 3502
    400 3503
    400 3504
    400 3505
    400 3506
    400 3507
    400 3508
    400 3509
    400 3510
    400 3511
    400 3512
    400 3513
    400 3514
    400 3515
    400 3516
    400 3517
    400 3600
    398 3601
    399 3602
    385 3603
    328 3604
    269 3605
    319 3606
    373 3607
    280 3608
    259 3609
    250 3610
    266 3611
    277 3612
    264 3613
    307 3614
    366 3615
    400 3616
    400 3617
     17 3700
      4 3701
     12 3702
    174 3716
    398 3717
     38 3816
    108 3817
    400 5000
    400 5001
    400 5002
    302 5003
     94 5004
      7 5005
     21 5007
    391 5008
    400 5009
    400 5010
    400 5011
    400 5012
    400 5013
    400 5014
    400 5015
    400 5016
    400 5017
    400 5100
    400 5101
    400 5102
    362 5103
      1 5104
    241 5107
    400 5108
    400 5109
    400 5110
    400 5111
    400 5112
    400 5113
    400 5114
    400 5115
    400 5116
    400 5117
    400 5200
    400 5201
    400 5202
    400 5203
    262 5204
      1 5205
    386 5207
    400 5208
    400 5209
    400 5210
    400 5211
    400 5212
    400 5213
    400 5214
    400 5215
    400 5216
    400 5217
    400 5300
    400 5301
    400 5302
    400 5303
    400 5304
    241 5305
     15 5306
    317 5307
    400 5308
    400 5309
    400 5310
    400 5311
    400 5312
    400 5313
    400 5314
    400 5315
    400 5316
    400 5317
    400 5400
    400 5401
    400 5402
    400 5403
    400 5404
    400 5405
    256 5406
    284 5407
    400 5408
    400 5409
    400 5410
    400 5411
    400 5412
    400 5413
    400 5414
    400 5415
    400 5416
    400 5417
    400 5500
    400 5501
    400 5502
    400 5503
    400 5504
    400 5505
    394 5506
    373 5507
    400 5508
    400 5509
    400 5510
    400 5511
    400 5512
    400 5513
    400 5514
    400 5515
    400 5516
    400 5517
    400 5600
    400 5601
    400 5602
    400 5603
    400 5604
    397 5605
    291 5606
    393 5607
    400 5608
    400 5609
    400 5610
    400 5611
    400 5612
    400 5613
    400 5614
    400 5615
    400 5616
    400 5617
     23 5700
    103 5701
    221 5702
    312 5703
    321 5704
    362 5705
     77 5706
     93 5707
    122 5708
    105 5709
    188 5710
    169 5711
    161 5712
    195 5713
    249 5714
    299 5715
    369 5716
    400 5717
     17 5805
     41 5815
    135 5816
    125 5817
    215 7000
    370 7001
    400 7002
    400 7003
    400 7004
    201 7005
      9 7006
    114 7007
    393 7008
    400 7009
    400 7010
    400 7011
    400 7012
    400 7013
    400 7014
    400 7015
    400 7016
    400 7017
    167 7101
    400 7102
    400 7103
    400 7104
    400 7105
    390 7106
    376 7107
    296 7108
    276 7109
    369 7110
    400 7111
    400 7112
    400 7113
    400 7114
    400 7115
    400 7116
    400 7117
      1 7200
    240 7201
    400 7202
    400 7203
    400 7204
    400 7205
    400 7206
    393 7207
    367 7208
    301 7209
     96 7210
    376 7211
    400 7212
    400 7213
    400 7214
    400 7215
    400 7216
    400 7217
    145 7300
    400 7301
    400 7302
    400 7303
    400 7304
    400 7305
    400 7306
    329 7307
     35 7308
      1 7309
     77 7311
    358 7312
    400 7313
    400 7314
    400 7315
    400 7316
    400 7317
    260 7400
    400 7401
    400 7402
    400 7403
    400 7404
    384 7405
    335 7406
     42 7407
    263 7412
    400 7413
    400 7414
    400 7415
    400 7416
    400 7417
    323 7500
    400 7501
    400 7502
    400 7503
    400 7504
    373 7505
    116 7506
     90 7507
    217 7508
     52 7509
     61 7512
    340 7513
    400 7514
    370 7515
    396 7516
    400 7517
    400 7600
    366 7601
    374 7602
    290 7603
    106 7604
    390 7605
    333 7606
    267 7607
    328 7608
    145 7609
     81 7610
     59 7611
     27 7612
     42 7613
     42 7614
     12 7615
    283 7616
    344 7617
    400 7700
    400 7701
    164 7702
    148 7705
    306 7706
    334 7707
    293 7708
    340 7709
    344 7710
    337 7711
    362 7712
    400 7713
    400 7714
    384 7715
    400 7716
    397 7717
    400 7800
    393 7801
    344 7802
    292 7803
    317 7804
    332 7805
    368 7806
    307 7807
    386 7808
    389 7809
    400 7810
    400 7811
    400 7812
    400 7813
    400 7814
    400 7815
    400 7816
    400 7817